{
 "cells": [
  {
   "cell_type": "markdown",
   "metadata": {},
   "source": [
    "# Use Linear Regression model to predict stock daily return rates"
   ]
  },
  {
   "cell_type": "markdown",
   "metadata": {},
   "source": [
    "## Prepare data"
   ]
  },
  {
   "cell_type": "code",
   "execution_count": 1,
   "metadata": {},
   "outputs": [],
   "source": [
    "import numpy as np\n",
    "import pandas as pd\n",
    "import warnings\n",
    "import sys\n",
    "import os\n",
    "\n",
    "warnings.simplefilter(action='ignore', category=FutureWarning) # Ignore all future warning"
   ]
  },
  {
   "cell_type": "code",
   "execution_count": 2,
   "metadata": {},
   "outputs": [
    {
     "name": "stdout",
     "output_type": "stream",
     "text": [
      "<class 'pandas.core.frame.DataFrame'>\n",
      "RangeIndex: 6423 entries, 0 to 6422\n",
      "Data columns (total 31 columns):\n",
      " #   Column                Non-Null Count  Dtype  \n",
      "---  ------                --------------  -----  \n",
      " 0   DTYYYYMMDD            6423 non-null   object \n",
      " 1   Ticker                6423 non-null   object \n",
      " 2   Open                  6423 non-null   float64\n",
      " 3   High                  6423 non-null   float64\n",
      " 4   Low                   6423 non-null   float64\n",
      " 5   Close                 6423 non-null   float64\n",
      " 6   Volume                6423 non-null   float64\n",
      " 7   Outlier               6423 non-null   bool   \n",
      " 8   daily_returns         6423 non-null   float64\n",
      " 9   monthly_returns       6423 non-null   float64\n",
      " 10  yearly_returns        6423 non-null   float64\n",
      " 11  Net_advances          6423 non-null   int64  \n",
      " 12  A/D                   6423 non-null   float64\n",
      " 13  Schultz               6423 non-null   float64\n",
      " 14  EMA19_net_adv         6423 non-null   float64\n",
      " 15  EMA39_net_adv         6423 non-null   float64\n",
      " 16  McClellan_Oscillator  6423 non-null   float64\n",
      " 17  TRIN                  6423 non-null   float64\n",
      " 18  StockAboveMA50        6423 non-null   int64  \n",
      " 19  MA5                   6423 non-null   float64\n",
      " 20  EMA5                  6423 non-null   float64\n",
      " 21  MA10                  6423 non-null   float64\n",
      " 22  EMA10                 6423 non-null   float64\n",
      " 23  MA20                  6423 non-null   float64\n",
      " 24  EMA20                 6423 non-null   float64\n",
      " 25  MA50                  6423 non-null   float64\n",
      " 26  EMA50                 6423 non-null   float64\n",
      " 27  MA100                 6423 non-null   float64\n",
      " 28  EMA100                6423 non-null   float64\n",
      " 29  MA200                 6423 non-null   float64\n",
      " 30  EMA200                6423 non-null   float64\n",
      "dtypes: bool(1), float64(26), int64(2), object(2)\n",
      "memory usage: 1.5+ MB\n"
     ]
    }
   ],
   "source": [
    "df = pd.read_csv('../data/processed/VNINDEX_add_features.csv')\n",
    "df.info()\n"
   ]
  },
  {
   "cell_type": "code",
   "execution_count": 3,
   "metadata": {},
   "outputs": [
    {
     "name": "stdout",
     "output_type": "stream",
     "text": [
      "                      daily_returns  Net_advances       A/D   Schultz  EMA19_net_adv  EMA39_net_adv  McClellan_Oscillator      TRIN  StockAboveMA50       MA5      EMA5      MA10     EMA10      MA20     EMA20      MA50     EMA50     MA100    EMA100     MA200    EMA200\n",
      "daily_returns              1.000000      0.629682  0.385782  0.360136       0.304914       0.221159              0.357898 -0.045105        0.078571 -0.025212 -0.021846 -0.030325 -0.027663 -0.034325 -0.032604 -0.040646 -0.038338 -0.042650 -0.041812 -0.044733 -0.044045\n",
      "Net_advances               0.629682      1.000000  0.499066  0.634140       0.443493       0.321071              0.521660 -0.027070        0.148104  0.025248  0.027990  0.022683  0.024633  0.021810  0.022581  0.019807  0.020557  0.018636  0.019296  0.017505  0.019351\n",
      "A/D                        0.385782      0.499066  1.000000  0.428697       0.156179       0.102137              0.203736 -0.022393        0.111282  0.114891  0.116383  0.115240  0.116160  0.117770  0.117590  0.121462  0.120858  0.123548  0.124944  0.132055  0.133227\n",
      "Schultz                    0.360136      0.634140  0.428697  1.000000       0.392185       0.364990              0.312762 -0.058570        0.708397  0.676031  0.677782  0.674957  0.676389  0.675334  0.676407  0.676808  0.679089  0.680650  0.685001  0.689259  0.697977\n",
      "EMA19_net_adv              0.304914      0.443493  0.156179  0.392185       1.000000       0.939982              0.780397 -0.018073        0.550710  0.152533  0.153769  0.136272  0.139999  0.115824  0.122806  0.090193  0.099301  0.076514  0.084760  0.067356  0.077902\n",
      "EMA39_net_adv              0.221159      0.321071  0.102137  0.364990       0.939982       1.000000              0.520197 -0.017530        0.645925  0.223450  0.223961  0.209242  0.211216  0.186948  0.192006  0.147236  0.158389  0.118170  0.132637  0.097863  0.116329\n",
      "McClellan_Oscillator       0.357898      0.521660  0.203736  0.312762       0.780397       0.520197              1.000000 -0.013112        0.194725 -0.027694 -0.025536 -0.042357 -0.036647 -0.052682 -0.044477 -0.044063 -0.041705 -0.025037 -0.030909 -0.010746 -0.018189\n",
      "TRIN                      -0.045105     -0.027070 -0.022393 -0.058570      -0.018073      -0.017530             -0.013112  1.000000       -0.047645 -0.058525 -0.058657 -0.058334 -0.058428 -0.058038 -0.058152 -0.057376 -0.057563 -0.056296 -0.056965 -0.055740 -0.056546\n",
      "StockAboveMA50             0.078571      0.148104  0.111282  0.708397       0.550710       0.645925              0.194725 -0.047645        1.000000  0.706297  0.706419  0.699132  0.699762  0.685772  0.688600  0.659139  0.670629  0.651220  0.663059  0.652874  0.668165\n",
      "MA5                       -0.025212      0.025248  0.114891  0.676031       0.152533       0.223450             -0.027694 -0.058525        0.706297  1.000000  0.999970  0.999617  0.999759  0.998070  0.998698  0.991859  0.994204  0.980215  0.985614  0.955452  0.968141\n",
      "EMA5                      -0.021846      0.027990  0.116383  0.677782       0.153769       0.223961             -0.025536 -0.058657        0.706419  0.999970  1.000000  0.999623  0.999787  0.998157  0.998762  0.992000  0.994322  0.980378  0.985760  0.955622  0.968304\n",
      "MA10                      -0.030325      0.022683  0.115240  0.674957       0.136272       0.209242             -0.042357 -0.058334        0.699132  0.999617  0.999623  1.000000  0.999935  0.999136  0.999461  0.993540  0.995619  0.982114  0.987372  0.957528  0.970097\n",
      "EMA10                     -0.027663      0.024633  0.116160  0.676389       0.139999       0.211216             -0.036647 -0.058428        0.699762  0.999759  0.999787  0.999935  1.000000  0.999156  0.999525  0.993773  0.995800  0.982450  0.987648  0.957903  0.970437\n",
      "MA20                      -0.034325      0.021810  0.117770  0.675334       0.115824       0.186948             -0.052682 -0.058038        0.685772  0.998070  0.998157  0.999136  0.999156  1.000000  0.999854  0.996365  0.997722  0.985703  0.990479  0.961619  0.973820\n",
      "EMA20                     -0.032604      0.022581  0.117590  0.676407       0.122806       0.192006             -0.044477 -0.058152        0.688600  0.998698  0.998762  0.999461  0.999525  0.999854  1.000000  0.996518  0.997911  0.986269  0.990888  0.962369  0.974442\n",
      "MA50                      -0.040646      0.019807  0.121462  0.676808       0.090193       0.147236             -0.044063 -0.057376        0.659139  0.991859  0.992000  0.993540  0.993773  0.996365  0.996518  1.000000  0.999556  0.994298  0.996644  0.972973  0.983211\n",
      "EMA50                     -0.038338      0.020557  0.120858  0.679089       0.099301       0.158389             -0.041705 -0.057563        0.670629  0.994204  0.994322  0.995619  0.995800  0.997722  0.997911  0.999556  1.000000  0.994435  0.997070  0.974309  0.984196\n",
      "MA100                     -0.042650      0.018636  0.123548  0.680650       0.076514       0.118170             -0.025037 -0.056296        0.651220  0.980215  0.980378  0.982114  0.982450  0.985703  0.986269  0.994298  0.994435  1.000000  0.998968  0.987906  0.993246\n",
      "EMA100                    -0.041812      0.019296  0.124944  0.685001       0.084760       0.132637             -0.030909 -0.056965        0.663059  0.985614  0.985760  0.987372  0.987648  0.990479  0.990888  0.996644  0.997070  0.998968  1.000000  0.988054  0.994154\n",
      "MA200                     -0.044733      0.017505  0.132055  0.689259       0.067356       0.097863             -0.010746 -0.055740        0.652874  0.955452  0.955622  0.957528  0.957903  0.961619  0.962369  0.972973  0.974309  0.987906  0.988054  1.000000  0.997615\n",
      "EMA200                    -0.044045      0.019351  0.133227  0.697977       0.077902       0.116329             -0.018189 -0.056546        0.668165  0.968141  0.968304  0.970097  0.970437  0.973820  0.974442  0.983211  0.984196  0.993246  0.994154  0.997615  1.000000\n"
     ]
    }
   ],
   "source": [
    "## Caculate the correlation matrix of the features\n",
    "corr_df = df.copy()\n",
    "corr_df = corr_df.drop(columns=['DTYYYYMMDD','Ticker','Open','High','Low','Volume','Close','Outlier','monthly_returns','yearly_returns'])\n",
    "corr_matrix = corr_df.corr()\n",
    "\n",
    "## Display the correlation matrix\n",
    "pd.set_option('display.width', None)\n",
    "pd.set_option('display.max_columns', None)\n",
    "pd.set_option('display.expand_frame_repr', False)  # ngăn DataFrame xuống dòng\n",
    "pd.set_option('display.notebook_repr_html', True)\n",
    "print(corr_matrix)\n"
   ]
  },
  {
   "cell_type": "code",
   "execution_count": 4,
   "metadata": {},
   "outputs": [],
   "source": [
    "# So when we analyze the correlation matrix, we decide to use the features: Net_advances,A/D,Schultz, and McClellan_Oscillator\n",
    "selected_features = ['Net_advances','A/D','Schultz','McClellan_Oscillator']\n",
    "target_feature = ['daily_returns']\n",
    "## Create new numpy array with the selected features\n",
    "X_selected = df[selected_features].to_numpy()\n",
    "y_selected = df[target_feature].to_numpy()\n"
   ]
  },
  {
   "cell_type": "code",
   "execution_count": 5,
   "metadata": {},
   "outputs": [
    {
     "name": "stdout",
     "output_type": "stream",
     "text": [
      "(6423, 4)\n",
      "(6423, 1)\n"
     ]
    }
   ],
   "source": [
    "print(X_selected.shape)\n",
    "print(y_selected.shape)\n"
   ]
  },
  {
   "cell_type": "markdown",
   "metadata": {},
   "source": [
    "## Train and predict with LinearRegression model"
   ]
  },
  {
   "cell_type": "code",
   "execution_count": 6,
   "metadata": {},
   "outputs": [
    {
     "name": "stdout",
     "output_type": "stream",
     "text": [
      "0.5461581262367672\n"
     ]
    },
    {
     "name": "stderr",
     "output_type": "stream",
     "text": [
      "c:\\Users\\Admin\\AppData\\Local\\Programs\\Python\\Python313\\Lib\\site-packages\\numpy\\_core\\fromnumeric.py:3860: RuntimeWarning: Mean of empty slice.\n",
      "  return _methods._mean(a, axis=axis, dtype=dtype,\n",
      "c:\\Users\\Admin\\AppData\\Local\\Programs\\Python\\Python313\\Lib\\site-packages\\numpy\\_core\\_methods.py:145: RuntimeWarning: invalid value encountered in scalar divide\n",
      "  ret = ret.dtype.type(ret / rcount)\n"
     ]
    }
   ],
   "source": [
    "# Get the absolute path of the `src` folder\n",
    "src_path = os.path.abspath(os.path.join(os.getcwd(), \"..\", \"src\"))\n",
    "# Add `src` to the system path\n",
    "sys.path.insert(0, src_path)\n",
    "# Import\n",
    "from models.LinearRegression import LinearRegression\n",
    "\n",
    "model = LinearRegression()\n",
    "\n",
    "# Train the model\n",
    "len_X_selected = len(X_selected)\n",
    "y_pred_set = [[] for _ in range(len_X_selected+3)]\n",
    "\n",
    "# Predict the next n days\n",
    "number_of_days_to_predict = 3\n",
    "for i in range(len_X_selected-number_of_days_to_predict):\n",
    "    if i < 30:\n",
    "        continue\n",
    "    X_train = X_selected[(i-30):i,]\n",
    "    y_train = y_selected[(i-30):i,]\n",
    "    model.fit(X_train,y_train)\n",
    "    y_pred = model.predict(X_selected[(i+1):(i+1+number_of_days_to_predict),])\n",
    "    for j in range(number_of_days_to_predict):\n",
    "        if i+j+1 < len_X_selected:\n",
    "            y_pred_set[i+j+1].append(y_pred[j])\n",
    "\n",
    "# Calculate the mean of the predicted values\n",
    "y_pred_set = y_pred_set[:len_X_selected]\n",
    "y_predict = []\n",
    "for i in range(len_X_selected):\n",
    "    if i < 30:\n",
    "        y_predict.append(np.nan)\n",
    "        continue\n",
    "    y_predict.append(np.mean(y_pred_set[i]))\n",
    "\n",
    "# Convert the predicted values to a numpy array\n",
    "y_predict = np.array(y_predict).reshape(-1,1)\n",
    "\n",
    "# Calculate the R-squared score\n",
    "score = model.score(y_selected,y_predict)\n",
    "print(score)\n"
   ]
  },
  {
   "cell_type": "code",
   "execution_count": 7,
   "metadata": {},
   "outputs": [
    {
     "name": "stdout",
     "output_type": "stream",
     "text": [
      "101.55\n"
     ]
    }
   ],
   "source": [
    "np.array(df['Close'])\n",
    "print(np.array(df['Close'][1]))"
   ]
  },
  {
   "cell_type": "markdown",
   "metadata": {},
   "source": [
    "## Trade with the predict"
   ]
  },
  {
   "cell_type": "code",
   "execution_count": 8,
   "metadata": {},
   "outputs": [
    {
     "name": "stdout",
     "output_type": "stream",
     "text": [
      "[ 0.  0.  0. ... -1. -1.  1.]\n",
      "1990867.5859561935\n",
      "Total profit: -9132.414043806493\n",
      "Total trade number: 2429\n",
      "Win rate: 0.492383696994648\n",
      "Profit factor: 0.9050236258528692\n"
     ]
    }
   ],
   "source": [
    "from trade_stocks.trade import Trading\n",
    "\n",
    "trading = Trading()\n",
    "trade_signal = trading.generate_trade_signal(y_predict)\n",
    "print(trade_signal)\n",
    "finally_capital = trading.execute_trade(trade_signal,np.array(df['Close']))\n",
    "print(finally_capital)\n",
    "performance = trading.performance()\n"
   ]
  }
 ],
 "metadata": {
  "kernelspec": {
   "display_name": "Python 3",
   "language": "python",
   "name": "python3"
  },
  "language_info": {
   "codemirror_mode": {
    "name": "ipython",
    "version": 3
   },
   "file_extension": ".py",
   "mimetype": "text/x-python",
   "name": "python",
   "nbconvert_exporter": "python",
   "pygments_lexer": "ipython3",
   "version": "3.13.2"
  }
 },
 "nbformat": 4,
 "nbformat_minor": 2
}
